[gd_scene load_steps=47 format=3 uid="uid://dyugdxrsv73ma"]

[ext_resource type="PackedScene" uid="uid://16ptmfjmso7r" path="res://assets/models/dogsmall.glb" id="1_jbm7t"]
[ext_resource type="Script" uid="uid://yvlgjjkmf4r4" path="res://scripts/entity.gd" id="1_vt3n5"]
[ext_resource type="Resource" uid="uid://cad150pbfw3ck" path="res://resources/enemies/dog_small.tres" id="2_7ggby"]
[ext_resource type="PackedScene" uid="uid://dis5xffdkf7e6" path="res://scenes/components/enemy_behaviour_component.tscn" id="2_b80u5"]
[ext_resource type="PackedScene" uid="uid://dj6fmag6n8s5m" path="res://scenes/components/activate_damage_area.tscn" id="4_oun8b"]
[ext_resource type="PackedScene" uid="uid://dyriga41qx3tc" path="res://scenes/health_bar.tscn" id="6_j1ijx"]

[sub_resource type="BoxShape3D" id="BoxShape3D_7ggby"]
size = Vector3(0.187012, 0.218994, 0.143066)

[sub_resource type="CapsuleShape3D" id="CapsuleShape3D_j1ijx"]
radius = 0.0891854
height = 0.891854

[sub_resource type="CapsuleShape3D" id="CapsuleShape3D_3e3wd"]
radius = 1.50768e-09
height = 1.50768e-08

[sub_resource type="CapsuleShape3D" id="CapsuleShape3D_1oaf8"]
radius = 0.0151368
height = 0.151368

[sub_resource type="CapsuleShape3D" id="CapsuleShape3D_jkmr0"]
radius = 0.0226638
height = 0.226638

[sub_resource type="CapsuleShape3D" id="CapsuleShape3D_ri2wy"]
radius = 0.01808
height = 0.1808

[sub_resource type="CapsuleShape3D" id="CapsuleShape3D_f273f"]
radius = 0.0122373
height = 0.122373

[sub_resource type="CapsuleShape3D" id="CapsuleShape3D_jpmku"]
radius = 0.01106
height = 0.1106

[sub_resource type="CapsuleShape3D" id="CapsuleShape3D_dqew3"]
radius = 0.0108982
height = 0.108982

[sub_resource type="CapsuleShape3D" id="CapsuleShape3D_52nwb"]
radius = 0.0267282
height = 0.267282

[sub_resource type="CapsuleShape3D" id="CapsuleShape3D_4j7n6"]
radius = 0.00668824
height = 0.0668824

[sub_resource type="CapsuleShape3D" id="CapsuleShape3D_ycohx"]
radius = 0.00669138
height = 0.0669138

[sub_resource type="CapsuleShape3D" id="CapsuleShape3D_cfkid"]
radius = 0.0148782
height = 0.148782

[sub_resource type="CapsuleShape3D" id="CapsuleShape3D_ema0q"]
radius = 0.0215939
height = 0.215939

[sub_resource type="CapsuleShape3D" id="CapsuleShape3D_qe3af"]
radius = 0.0264751
height = 0.264751

[sub_resource type="CapsuleShape3D" id="CapsuleShape3D_xok8n"]
radius = 0.0272511
height = 0.272511

[sub_resource type="CapsuleShape3D" id="CapsuleShape3D_hd2up"]
radius = 0.0132524
height = 0.132524

[sub_resource type="CapsuleShape3D" id="CapsuleShape3D_ev0t7"]
radius = 0.00896733
height = 0.0896733

[sub_resource type="CapsuleShape3D" id="CapsuleShape3D_a1uqo"]
radius = 0.0215939
height = 0.215939

[sub_resource type="CapsuleShape3D" id="CapsuleShape3D_udl3d"]
radius = 0.0264751
height = 0.264751

[sub_resource type="CapsuleShape3D" id="CapsuleShape3D_n6kde"]
radius = 0.0272511
height = 0.272511

[sub_resource type="CapsuleShape3D" id="CapsuleShape3D_64dpw"]
radius = 0.0132524
height = 0.132524

[sub_resource type="CapsuleShape3D" id="CapsuleShape3D_jg2qh"]
radius = 0.00896733
height = 0.0896733

[sub_resource type="CapsuleShape3D" id="CapsuleShape3D_6g66n"]
radius = 0.0274076
height = 0.274076

[sub_resource type="CapsuleShape3D" id="CapsuleShape3D_2qht6"]
radius = 0.0305544
height = 0.305544

[sub_resource type="CapsuleShape3D" id="CapsuleShape3D_1bctw"]
radius = 0.0215567
height = 0.215567

[sub_resource type="CapsuleShape3D" id="CapsuleShape3D_jsfya"]
radius = 0.010122
height = 0.10122

[sub_resource type="CapsuleShape3D" id="CapsuleShape3D_5r532"]
radius = 0.0274076
height = 0.274076

[sub_resource type="CapsuleShape3D" id="CapsuleShape3D_uav81"]
radius = 0.0305544
height = 0.305544

[sub_resource type="CapsuleShape3D" id="CapsuleShape3D_ucrud"]
radius = 0.0215567
height = 0.215567

[sub_resource type="CapsuleShape3D" id="CapsuleShape3D_54hwd"]
radius = 0.010122
height = 0.10122

[sub_resource type="BoxShape3D" id="BoxShape3D_jbm7t"]
size = Vector3(4.30247, 3.06596, 8.25373)

[sub_resource type="CapsuleShape3D" id="CapsuleShape3D_jbm7t"]
radius = 0.371651
height = 1.0496

[sub_resource type="AnimationNodeAnimation" id="AnimationNodeAnimation_jbm7t"]
animation = &"walk"

[sub_resource type="AnimationNodeAnimation" id="AnimationNodeAnimation_b80u5"]
animation = &"attack"

[sub_resource type="AnimationNodeAnimation" id="AnimationNodeAnimation_j1ijx"]
animation = &"hit"

[sub_resource type="AnimationNodeAnimation" id="AnimationNodeAnimation_vt3n5"]
animation = &"idle"

[sub_resource type="AnimationNodeTimeScale" id="AnimationNodeTimeScale_vt3n5"]

[sub_resource type="AnimationNodeTransition" id="AnimationNodeTransition_7ggby"]
xfade_time = 0.2
input_0/name = "idle"
input_0/auto_advance = false
input_0/break_loop_at_end = false
input_0/reset = true
input_1/name = "walk"
input_1/auto_advance = false
input_1/break_loop_at_end = false
input_1/reset = true
input_2/name = "attack"
input_2/auto_advance = false
input_2/break_loop_at_end = false
input_2/reset = true
input_3/name = "hit"
input_3/auto_advance = false
input_3/break_loop_at_end = false
input_3/reset = true

[sub_resource type="AnimationNodeBlendTree" id="AnimationNodeBlendTree_oun8b"]
graph_offset = Vector2(-41.7799, 239.455)
nodes/Animation/node = SubResource("AnimationNodeAnimation_vt3n5")
nodes/Animation/position = Vector2(660, 140)
"nodes/Animation 2/node" = SubResource("AnimationNodeAnimation_jbm7t")
"nodes/Animation 2/position" = Vector2(460, 340)
"nodes/Animation 3/node" = SubResource("AnimationNodeAnimation_b80u5")
"nodes/Animation 3/position" = Vector2(660, 520)
"nodes/Animation 4/node" = SubResource("AnimationNodeAnimation_j1ijx")
"nodes/Animation 4/position" = Vector2(680, 700)
nodes/TimeScale/node = SubResource("AnimationNodeTimeScale_vt3n5")
nodes/TimeScale/position = Vector2(660, 340)
nodes/Transition/node = SubResource("AnimationNodeTransition_7ggby")
nodes/Transition/position = Vector2(960, 160)
nodes/output/position = Vector2(1180, 140)
node_connections = [&"TimeScale", 0, &"Animation 2", &"Transition", 0, &"Animation", &"Transition", 1, &"TimeScale", &"Transition", 2, &"Animation 3", &"Transition", 3, &"Animation 4", &"output", 0, &"Transition"]

[node name="DogSmall" type="CharacterBody3D" node_paths=PackedStringArray("animation_tree", "model") groups=["animals"]]
collision_layer = 2
collision_mask = 3
script = ExtResource("1_vt3n5")
animation_tree = NodePath("AnimationTree")
model = NodePath("dogsmall")
entity_stats = ExtResource("2_7ggby")

[node name="HealthBar" parent="." instance=ExtResource("6_j1ijx")]
transform = Transform3D(1, 0, 0, 0, 1, 0, 0, 0, 1, 0, 1.23625, 0)

[node name="EnemyBehaviourComponent" parent="." node_paths=PackedStringArray("agent", "model", "animation_tree", "detection_area", "hp_bar") instance=ExtResource("2_b80u5")]
agent = NodePath("..")
model = NodePath("../dogsmall")
animation_tree = NodePath("../AnimationTree")
detection_area = NodePath("../dogsmall/DetectionArea")
distance_to_attack = 2.5
antagonist_groups = Array[StringName]([&"player", &"knights"])
hp_bar = NodePath("../HealthBar")

[node name="ActivateDamageArea" parent="." node_paths=PackedStringArray("attaker", "damage_area", "animation_tree") instance=ExtResource("4_oun8b")]
attaker = NodePath("..")
damage_area = NodePath("../dogsmall/metarig/Skeleton3D/BoneAttachment3D/DamageArea")
animation_tree = NodePath("../AnimationTree")
attack_animation_name = &"attack"

[node name="dogsmall" parent="." instance=ExtResource("1_jbm7t")]

[node name="Skeleton3D" parent="dogsmall/metarig" index="0"]
bones/1/position = Vector3(8.27079e-10, -0.4085, 0.772983)
bones/8/rotation = Quaternion(-0.080074, -7.07365e-17, -5.70402e-16, 0.996789)
bones/9/rotation = Quaternion(-0.00108243, -2.43463e-17, -4.51151e-16, 0.999999)
bones/10/rotation = Quaternion(-0.0788223, -1.202e-17, -1.50663e-16, 0.996889)
bones/11/rotation = Quaternion(-0.000709891, -5.36413e-20, -7.55885e-17, 1)
bones/12/rotation = Quaternion(-0.10782, 7.32661e-15, 4.09286e-15, 0.99417)
bones/14/rotation = Quaternion(0.442226, 2.13839e-07, 1.05435e-07, 0.896904)
bones/16/rotation = Quaternion(0.429386, 0.00238021, 0.178033, 0.885396)
bones/17/rotation = Quaternion(-0.233951, -0.0135804, 0.0370975, 0.971445)
bones/18/rotation = Quaternion(-0.206063, 0.0251841, -0.0126988, 0.978132)
bones/19/rotation = Quaternion(0.00972735, 0.942036, -0.335319, -0.00589984)
bones/20/rotation = Quaternion(0.235813, 1.29968e-07, 9.24963e-07, 0.971799)
bones/22/rotation = Quaternion(0.429386, -0.00238021, -0.178033, 0.885396)
bones/23/rotation = Quaternion(-0.233951, 0.0135804, -0.0370975, 0.971445)
bones/24/rotation = Quaternion(-0.206063, -0.0251841, 0.0126988, 0.978132)
bones/25/rotation = Quaternion(-0.00972735, 0.942036, -0.335319, 0.00589984)
bones/26/rotation = Quaternion(0.235813, -1.29968e-07, -9.24963e-07, 0.971799)
bones/27/rotation = Quaternion(0.421399, 0.701399, -0.448317, -0.359826)
bones/29/rotation = Quaternion(0.545758, 0.000684684, -0.00089459, 0.837942)
bones/30/rotation = Quaternion(0.523238, -0.00997944, 0.0216093, 0.851854)
bones/31/rotation = Quaternion(-0.542121, 0.0138202, -0.0148912, 0.840055)
bones/32/rotation = Quaternion(0.0054173, 0.917384, -0.397955, -0.00293727)
bones/33/rotation = Quaternion(0.207539, -8.86044e-08, 1.46648e-06, 0.978227)
bones/34/rotation = Quaternion(0.545758, -0.000684678, 0.000894585, 0.837942)
bones/35/rotation = Quaternion(0.523238, 0.00997944, -0.0216093, 0.851854)
bones/36/rotation = Quaternion(-0.542121, -0.0138202, 0.0148912, 0.840055)
bones/37/rotation = Quaternion(-0.00541723, 0.917384, -0.397955, 0.00293737)
bones/38/rotation = Quaternion(0.207539, 1.2408e-07, -1.63369e-06, 0.978227)
bones/39/position = Vector3(-7.6353e-09, 0.897248, -0.0873376)
bones/39/rotation = Quaternion(-0.265511, 4.21425e-08, 1.16059e-08, 0.964108)
bones/42/position = Vector3(-0.1088, 0.222718, -9.9476e-14)
bones/44/rotation = Quaternion(-1.70449e-06, 0.971798, 0.235816, -7.33688e-08)
bones/46/position = Vector3(-0.1088, 0.222718, 0)
bones/47/position = Vector3(0.1088, 0.222718, -9.9476e-14)
bones/48/position = Vector3(-7.11507e-19, 0.163251, -4.9738e-14)
bones/51/position = Vector3(0.1088, 0.222718, 0)
bones/53/rotation = Quaternion(-7.15256e-06, -6.93335e-31, 1, 9.69352e-26)
bones/54/rotation = Quaternion(-1.50013e-06, 0.978226, 0.207543, -7.38535e-08)
bones/55/rotation = Quaternion(1, 1.20466e-11, 7.22806e-06, -1.63913e-06)
bones/58/position = Vector3(-1.92668e-09, 0.163657, 2.44388e-14)
bones/58/rotation = Quaternion(7.15256e-06, 6.93335e-31, 1, 9.69352e-26)
bones/60/rotation = Quaternion(1, -1.20448e-11, -7.22806e-06, -1.63913e-06)

[node name="BoneAttachment3D" type="BoneAttachment3D" parent="dogsmall/metarig/Skeleton3D" index="14"]
transform = Transform3D(1, -4.27904e-14, 4.76837e-07, 4.42948e-07, -0.37026, -0.928928, 1.76554e-07, 0.928928, -0.37026, -8.27079e-10, 0.860939, 0.579511)
bone_name = "mouthbottom"
bone_idx = 14

[node name="DamageArea" type="Area3D" parent="dogsmall/metarig/Skeleton3D/BoneAttachment3D"]
collision_layer = 0
collision_mask = 2
monitorable = false

[node name="CollisionShape3D" type="CollisionShape3D" parent="dogsmall/metarig/Skeleton3D/BoneAttachment3D/DamageArea"]
transform = Transform3D(1, 1.42109e-14, 2.75051e-11, 1.13687e-13, 1, 0, -1.42109e-14, 0, 1, 0.000732401, 0.137835, -0.0184798)
shape = SubResource("BoxShape3D_7ggby")

[node name="PhysicalBoneSimulator3D" type="PhysicalBoneSimulator3D" parent="dogsmall/metarig/Skeleton3D" index="15"]

[node name="Physical Bone root" type="PhysicalBone3D" parent="dogsmall/metarig/Skeleton3D/PhysicalBoneSimulator3D"]
transform = Transform3D(1, 0, 0, 0, 0.458034, -0.888934, 0, 0.888934, 0.458034, 0, 0.3964, -0.20425)
collision_layer = 4
joint_offset = Transform3D(1, 0, 0, 0, 1, 0, 0, 0, 1, 0, 0, 0.445927)
body_offset = Transform3D(-1, 0, 0, 0, 0.888934, 0.458034, 0, 0.458034, -0.888934, 0, -0.20425, 0.3964)
bone_name = "root"

[node name="CollisionShape3D" type="CollisionShape3D" parent="dogsmall/metarig/Skeleton3D/PhysicalBoneSimulator3D/Physical Bone root"]
transform = Transform3D(1, 0, 0, 0, 0, 1, 0, -1, 0, 0, 0, 0)
shape = SubResource("CapsuleShape3D_j1ijx")

[node name="Physical Bone spine_004" type="PhysicalBone3D" parent="dogsmall/metarig/Skeleton3D/PhysicalBoneSimulator3D"]
transform = Transform3D(1, 8.63493e-14, -8.76508e-08, -8.76508e-08, -0.000599261, -1, -5.2612e-11, 1, -0.000599261, -8.27079e-10, 0.772983, -0.4085)
collision_layer = 4
joint_type = 1
body_offset = Transform3D(1, 8.63476e-14, -2.28046e-10, -8.63441e-14, 1, 5.82077e-11, 2.28059e-10, 0, 1, 0, 0, 0)
bone_name = "spine.004"
joint_constraints/bias = 0.3
joint_constraints/damping = 1.0
joint_constraints/impulse_clamp = 0.0

[node name="CollisionShape3D" type="CollisionShape3D" parent="dogsmall/metarig/Skeleton3D/PhysicalBoneSimulator3D/Physical Bone spine_004"]
transform = Transform3D(1, 0, 0, 0, 0, 1, 0, -1, 0, 0, 0, 0)
shape = SubResource("CapsuleShape3D_3e3wd")

[node name="Physical Bone spine_003" type="PhysicalBone3D" parent="dogsmall/metarig/Skeleton3D/PhysicalBoneSimulator3D"]
transform = Transform3D(1, -2.89321e-13, -1.36058e-14, 2.84217e-13, 0.971145, 0.238491, -5.57874e-14, -0.238491, 0.971145, -8.26732e-10, 0.754866, -0.481997)
collision_layer = 4
joint_type = 1
joint_offset = Transform3D(1, 0, 0, 0, 1, 0, 0, 0, 1, -3.47348e-13, 6.6428e-05, 0.0756973)
body_offset = Transform3D(1, 9.10604e-15, 2.38131e-15, -1.33831e-18, -2.68221e-07, -1, -1.43996e-20, 0.999997, -3.72529e-07, 3.47167e-13, 0.0756973, -6.63996e-05)
bone_name = "spine.003"
joint_constraints/bias = 0.3
joint_constraints/damping = 1.0
joint_constraints/impulse_clamp = 0.0

[node name="CollisionShape3D" type="CollisionShape3D" parent="dogsmall/metarig/Skeleton3D/PhysicalBoneSimulator3D/Physical Bone spine_003"]
transform = Transform3D(1, 0, 0, 0, 0, 1, 0, -1, 0, 0, 0, 0)
shape = SubResource("CapsuleShape3D_1oaf8")

[node name="Physical Bone spine_002" type="PhysicalBone3D" parent="dogsmall/metarig/Skeleton3D/PhysicalBoneSimulator3D"]
transform = Transform3D(1, -2.87684e-13, 3.43419e-14, 2.84638e-13, 0.997628, 0.0688328, -5.40625e-14, -0.0688328, 0.997628, -8.2704e-10, 0.729097, -0.668556)
collision_layer = 4
joint_type = 1
joint_offset = Transform3D(1, 0, 0, 0, 1, 0, 0, 0, 1, -4.16671e-14, -1.38113e-05, 0.113324)
body_offset = Transform3D(1, 9.38219e-15, 7.88801e-16, -8.84302e-19, -1.49012e-07, -1, -2.85365e-18, 0.999997, 9.0152e-07, 4.15779e-14, 0.113324, 1.37091e-05)
bone_name = "spine.002"
joint_constraints/bias = 0.3
joint_constraints/damping = 1.0
joint_constraints/impulse_clamp = 0.0

[node name="CollisionShape3D" type="CollisionShape3D" parent="dogsmall/metarig/Skeleton3D/PhysicalBoneSimulator3D/Physical Bone spine_002"]
transform = Transform3D(1, 0, 0, 0, 0, 1, 0, -1, 0, 0, 0, 0)
shape = SubResource("CapsuleShape3D_jkmr0")

[node name="Physical Bone spine_001" type="PhysicalBone3D" parent="dogsmall/metarig/Skeleton3D/PhysicalBoneSimulator3D"]
transform = Transform3D(1, -2.84611e-13, 5.42207e-14, 2.84641e-13, 1, -0.000551773, -5.40636e-14, 0.000551773, 1, -8.26735e-10, 0.721333, -0.872)
collision_layer = 4
joint_type = 1
joint_offset = Transform3D(1, 0, 0, 0, 1, 0, 0, 0, 1, -3.55395e-13, -1.21462e-07, 0.0904)
body_offset = Transform3D(1, 9.41156e-15, 1.37002e-16, 0, -1.33296e-07, -1, -6.50495e-21, 0.999997, 1.34361e-06, 3.55382e-13, 0.0904, 0)
bone_name = "spine.001"
joint_constraints/bias = 0.3
joint_constraints/damping = 1.0
joint_constraints/impulse_clamp = 0.0

[node name="CollisionShape3D" type="CollisionShape3D" parent="dogsmall/metarig/Skeleton3D/PhysicalBoneSimulator3D/Physical Bone spine_001"]
transform = Transform3D(1, 0, 0, 0, 0, 1, 0, -1, 0, 0, 0, 0)
shape = SubResource("CapsuleShape3D_ri2wy")

[node name="Physical Bone spine_005" type="PhysicalBone3D" parent="dogsmall/metarig/Skeleton3D/PhysicalBoneSimulator3D"]
transform = Transform3D(1, -1.14581e-13, 1.36857e-16, -1.13687e-13, -0.99205, 0.125845, -1.42836e-14, -0.125845, -0.99205, -8.26303e-10, 0.765326, -0.180886)
collision_layer = 4
joint_type = 1
joint_offset = Transform3D(1, 0, 0, 0, 1, 0, 0, 0, 1, -7.73888e-13, 0.000143234, 0.0611826)
body_offset = Transform3D(1, -8.93699e-16, 1.02503e-15, 1.04185e-19, -1.3411e-07, -1, 6.56451e-21, 1, -7.45058e-08, 7.73825e-13, 0.0611826, -0.00014323)
bone_name = "spine.005"
joint_constraints/bias = 0.3
joint_constraints/damping = 1.0
joint_constraints/impulse_clamp = 0.0

[node name="CollisionShape3D" type="CollisionShape3D" parent="dogsmall/metarig/Skeleton3D/PhysicalBoneSimulator3D/Physical Bone spine_005"]
transform = Transform3D(1, 0, 0, 0, 0, 1, 0, -1, 0, 0, 0, 0)
shape = SubResource("CapsuleShape3D_f273f")

[node name="Physical Bone spine_006" type="PhysicalBone3D" parent="dogsmall/metarig/Skeleton3D/PhysicalBoneSimulator3D"]
transform = Transform3D(1, 2.03564e-14, 1.80624e-15, 2.03548e-14, -1, 0.000902309, 1.82461e-15, -0.000902309, -1, -8.27301e-10, 0.757936, -0.0648834)
collision_layer = 4
joint_type = 1
joint_offset = Transform3D(1, 0, 0, 0, 1, 0, 0, 0, 1, 2.23882e-13, 0.000503128, 0.0553163)
body_offset = Transform3D(1, -1.0148e-15, 9.05211e-16, 0, 2.05729e-06, -1, -9.26442e-23, 1, 2.05752e-06, -2.23932e-13, 0.0553163, -0.000503242)
bone_name = "spine.006"
joint_constraints/bias = 0.3
joint_constraints/damping = 1.0
joint_constraints/impulse_clamp = 0.0

[node name="CollisionShape3D" type="CollisionShape3D" parent="dogsmall/metarig/Skeleton3D/PhysicalBoneSimulator3D/Physical Bone spine_006"]
transform = Transform3D(1, 0, 0, 0, 0, 1, 0, -1, 0, 0, 0, 0)
shape = SubResource("CapsuleShape3D_jpmku")

[node name="Physical Bone spine_007" type="PhysicalBone3D" parent="dogsmall/metarig/Skeleton3D/PhysicalBoneSimulator3D"]
transform = Transform3D(1, 1.98008e-14, 3.87492e-15, 2.01649e-14, -0.98732, -0.158742, 6.82566e-16, 0.158742, -0.98732, -8.27388e-10, 0.766033, 0.0442)
collision_layer = 4
joint_type = 1
joint_offset = Transform3D(1, 0, 0, 0, 1, 0, 0, 0, 1, 3.10879e-13, -3.99851e-07, 0.0544909)
body_offset = Transform3D(1, -1.10284e-15, 7.22373e-16, -9.23594e-18, 8.64267e-07, -1, -4.34555e-17, 1, 7.7486e-07, -3.10918e-13, 0.0544909, 3.57628e-07)
bone_name = "spine.007"
joint_constraints/bias = 0.3
joint_constraints/damping = 1.0
joint_constraints/impulse_clamp = 0.0

[node name="CollisionShape3D" type="CollisionShape3D" parent="dogsmall/metarig/Skeleton3D/PhysicalBoneSimulator3D/Physical Bone spine_007"]
transform = Transform3D(1, 0, 0, 0, 0, 1, 0, -1, 0, 0, 0, 0)
shape = SubResource("CapsuleShape3D_dqew3")

[node name="Physical Bone spine_008" type="PhysicalBone3D" parent="dogsmall/metarig/Skeleton3D/PhysicalBoneSimulator3D"]
transform = Transform3D(1, 1.9701e-14, 3.02601e-15, 1.99312e-14, -0.986974, -0.160878, -1.82856e-16, 0.160878, -0.986974, -8.27313e-10, 0.796181, 0.2299)
collision_layer = 4
joint_type = 1
joint_offset = Transform3D(1, 0, 0, 0, 1, 0, 0, 0, 1, 2.35658e-13, -1.66893e-06, 0.133641)
body_offset = Transform3D(1, -1.14811e-15, 7.30593e-16, 1.4658e-18, 8.9407e-08, -1, 2.35396e-19, 1, 0, -2.35756e-13, 0.133641, 1.66893e-06)
bone_name = "spine.008"
joint_constraints/bias = 0.3
joint_constraints/damping = 1.0
joint_constraints/impulse_clamp = 0.0

[node name="CollisionShape3D" type="CollisionShape3D" parent="dogsmall/metarig/Skeleton3D/PhysicalBoneSimulator3D/Physical Bone spine_008"]
transform = Transform3D(1, 0, 0, 0, 0, 1, 0, -1, 0, 0, 0, 0)
shape = SubResource("CapsuleShape3D_52nwb")

[node name="Physical Bone spine_009" type="PhysicalBone3D" parent="dogsmall/metarig/Skeleton3D/PhysicalBoneSimulator3D"]
transform = Transform3D(1, 1.89726e-14, 5.80578e-15, 1.9836e-14, -0.949428, -0.313986, -4.44959e-16, 0.313986, -0.949428, -8.28768e-10, 0.828196, 0.393551)
collision_layer = 4
joint_type = 1
joint_offset = Transform3D(1, 0, 0, 0, 1, 0, 0, 0, 1, 1.68996e-12, 1.21067e-05, 0.0334464)
body_offset = Transform3D(1, -1.25644e-15, 5.64657e-16, 2.49832e-17, -2.98023e-08, -1, 8.25215e-18, 1, -2.08616e-07, -1.68998e-12, 0.0334464, -1.20997e-05)
bone_name = "spine.009"
joint_constraints/bias = 0.3
joint_constraints/damping = 1.0
joint_constraints/impulse_clamp = 0.0

[node name="CollisionShape3D" type="CollisionShape3D" parent="dogsmall/metarig/Skeleton3D/PhysicalBoneSimulator3D/Physical Bone spine_009"]
transform = Transform3D(1, 0, 0, 0, 0, 1, 0, -1, 0, 0, 0, 0)
shape = SubResource("CapsuleShape3D_4j7n6")

[node name="Physical Bone spine_010" type="PhysicalBone3D" parent="dogsmall/metarig/Skeleton3D/PhysicalBoneSimulator3D"]
transform = Transform3D(1, 1.89049e-14, 5.66651e-15, 1.97272e-14, -0.948981, -0.315333, -5.83915e-16, 0.315333, -0.948981, -8.27157e-10, 0.849182, 0.456982)
collision_layer = 4
joint_type = 1
joint_offset = Transform3D(1, 0, 0, 0, 1, 0, 0, 0, 1, 7.83634e-14, -2.76406e-05, 0.0333762)
body_offset = Transform3D(1, -1.31673e-15, 5.47856e-16, 9.9529e-18, -2.68221e-07, -1, 6.77791e-17, 1, -4.76837e-07, -7.83817e-14, 0.0333762, 2.76566e-05)
bone_name = "spine.010"
joint_constraints/bias = 0.3
joint_constraints/damping = 1.0
joint_constraints/impulse_clamp = 0.0

[node name="CollisionShape3D" type="CollisionShape3D" parent="dogsmall/metarig/Skeleton3D/PhysicalBoneSimulator3D/Physical Bone spine_010"]
transform = Transform3D(1, 0, 0, 0, 0, 1, 0, -1, 0, 0, 0, 0)
shape = SubResource("CapsuleShape3D_ycohx")

[node name="Physical Bone spine_011" type="PhysicalBone3D" parent="dogsmall/metarig/Skeleton3D/PhysicalBoneSimulator3D"]
transform = Transform3D(-1, -3.43969e-14, 1.10071e-14, -3.61011e-14, 0.960532, -0.27817, -1.00447e-15, -0.27817, -0.960532, -8.27432e-10, 0.880508, 0.56026)
collision_layer = 4
joint_type = 1
joint_offset = Transform3D(1, 0, 0, 0, 1, 0, 0, 0, 1, -3.52608e-13, -2.85245e-05, 0.0744044)
body_offset = Transform3D(-1, 1.70242e-15, 7.2716e-16, -1.66177e-17, 0.252227, -0.967669, -4.95553e-16, -0.967668, -0.252227, -3.52662e-13, 0.072006, 0.0187392)
bone_name = "spine.011"
joint_constraints/bias = 0.3
joint_constraints/damping = 1.0
joint_constraints/impulse_clamp = 0.0

[node name="CollisionShape3D" type="CollisionShape3D" parent="dogsmall/metarig/Skeleton3D/PhysicalBoneSimulator3D/Physical Bone spine_011"]
transform = Transform3D(1, 0, 0, 0, 0, 1, 0, -1, 0, 0, 0, 0)
shape = SubResource("CapsuleShape3D_cfkid")

[node name="Physical Bone shoulder_L" type="PhysicalBone3D" parent="dogsmall/metarig/Skeleton3D/PhysicalBoneSimulator3D"]
transform = Transform3D(-0.941224, 0.150509, -0.3024, -0.241653, 0.325485, 0.914146, 0.236013, 0.933492, -0.269983, 0.0925359, 0.770036, 0.286832)
collision_layer = 4
joint_type = 1
joint_offset = Transform3D(1, 0, 0, 0, 1, 0, 0, 0, 1, 0.000527212, -0.000242654, 0.107153)
body_offset = Transform3D(-0.963223, 0.265293, 0.0426742, -8.19564e-08, 0.158814, -0.987309, -0.268703, -0.950999, -0.152973, -0.00400048, 0.105832, 0.0163025)
bone_name = "shoulder.L"
joint_constraints/bias = 0.3
joint_constraints/damping = 1.0
joint_constraints/impulse_clamp = 0.0

[node name="CollisionShape3D" type="CollisionShape3D" parent="dogsmall/metarig/Skeleton3D/PhysicalBoneSimulator3D/Physical Bone shoulder_L"]
transform = Transform3D(1, 0, 0, 0, 0, 1, 0, -1, 0, 0, 0, 0)
shape = SubResource("CapsuleShape3D_ema0q")

[node name="Physical Bone front_thigh_L" type="PhysicalBone3D" parent="dogsmall/metarig/Skeleton3D/PhysicalBoneSimulator3D"]
transform = Transform3D(0.999955, 0.000258515, -0.00946262, 0.00828321, 0.459985, 0.887888, 0.00458219, -0.887927, 0.459962, 0.126139, 0.552766, 0.25516)
collision_layer = 4
joint_type = 1
joint_offset = Transform3D(1, 0, 0, 0, 1, 0, 0, 0, 1, 1.49138e-05, -8.32815e-06, 0.132472)
body_offset = Transform3D(1, -6.38887e-07, -8.83127e-07, -9.22242e-07, -0.00019294, -1, 6.64964e-07, 1, -0.000193149, -1.47969e-05, 0.132472, 3.3915e-05)
bone_name = "front_thigh.L"
joint_constraints/bias = 0.3
joint_constraints/damping = 1.0
joint_constraints/impulse_clamp = 0.0

[node name="CollisionShape3D" type="CollisionShape3D" parent="dogsmall/metarig/Skeleton3D/PhysicalBoneSimulator3D/Physical Bone front_thigh_L"]
transform = Transform3D(1, 0, 0, 0, 0, 1, 0, -1, 0, 0, 0, 0)
shape = SubResource("CapsuleShape3D_qe3af")

[node name="Physical Bone front_shin_L" type="PhysicalBone3D" parent="dogsmall/metarig/Skeleton3D/PhysicalBoneSimulator3D"]
transform = Transform3D(0.997579, -0.0392187, 0.0574304, -0.0572292, 0.00623337, 0.998342, -0.0395116, -0.999211, 0.00397383, 0.11958, 0.299111, 0.193831)
collision_layer = 4
joint_type = 1
joint_offset = Transform3D(1, 0, 0, 0, 1, 0, 0, 0, 1, -8.55768e-06, 3.72684e-06, 0.136405)
body_offset = Transform3D(1, -1.68011e-06, -8.26998e-06, -8.29023e-06, -1.35521e-05, -1, 1.71736e-06, 1, -1.35573e-05, 9.68575e-06, 0.136405, -1.87755e-06)
bone_name = "front_shin.L"
joint_constraints/bias = 0.3
joint_constraints/damping = 1.0
joint_constraints/impulse_clamp = 0.0

[node name="CollisionShape3D" type="CollisionShape3D" parent="dogsmall/metarig/Skeleton3D/PhysicalBoneSimulator3D/Physical Bone front_shin_L"]
transform = Transform3D(1, 0, 0, 0, 0, 1, 0, -1, 0, 0, 0, 0)
shape = SubResource("CapsuleShape3D_xok8n")

[node name="Physical Bone front_foot_L" type="PhysicalBone3D" parent="dogsmall/metarig/Skeleton3D/PhysicalBoneSimulator3D"]
transform = Transform3D(0.999741, -0.00458678, 0.0222786, -0.0222572, -0.399209, 0.91659, 0.00468963, -0.916848, -0.399208, 0.110276, 0.102434, 0.219772)
collision_layer = 4
joint_type = 1
joint_offset = Transform3D(1, 0, 0, 0, 1, 0, 0, 0, 1, -1.29473e-06, 1.36909e-06, 0.0663311)
body_offset = Transform3D(1, -1.07894e-06, -8.11415e-07, -8.35513e-07, -3.53456e-05, -1, 1.07242e-06, 1, -3.50177e-05, 1.34856e-06, 0.0663311, 9.53674e-07)
bone_name = "front_foot.L"
joint_constraints/bias = 0.3
joint_constraints/damping = 1.0
joint_constraints/impulse_clamp = 0.0

[node name="CollisionShape3D" type="CollisionShape3D" parent="dogsmall/metarig/Skeleton3D/PhysicalBoneSimulator3D/Physical Bone front_foot_L"]
transform = Transform3D(1, 0, 0, 0, 0, 1, 0, -1, 0, 0, 0, 0)
shape = SubResource("CapsuleShape3D_hd2up")

[node name="Physical Bone front_toe_L" type="PhysicalBone3D" parent="dogsmall/metarig/Skeleton3D/PhysicalBoneSimulator3D"]
transform = Transform3D(-1, -7.1885e-06, 2.19805e-07, -6.28826e-06, 0.888782, 0.458331, -3.49007e-06, 0.458331, -0.888782, 0.108795, 0.0211986, 0.286072)
collision_layer = 4
joint_type = 1
joint_offset = Transform3D(1, 0, 0, 0, 1, 0, 0, 0, 1, -4.69241e-06, 2.54102e-06, 0.0448627)
body_offset = Transform3D(1, -7.13658e-09, -3.23721e-08, -2.13568e-08, -1.19209e-07, -1, -4.16719e-09, 1, -5.06639e-07, 4.69387e-06, 0.0448627, -2.5183e-06)
bone_name = "front_toe.L"
joint_constraints/bias = 0.3
joint_constraints/damping = 1.0
joint_constraints/impulse_clamp = 0.0

[node name="CollisionShape3D" type="CollisionShape3D" parent="dogsmall/metarig/Skeleton3D/PhysicalBoneSimulator3D/Physical Bone front_toe_L"]
transform = Transform3D(1, 0, 0, 0, 0, 1, 0, -1, 0, 0, 0, 0)
shape = SubResource("CapsuleShape3D_ev0t7")

[node name="Physical Bone shoulder_R" type="PhysicalBone3D" parent="dogsmall/metarig/Skeleton3D/PhysicalBoneSimulator3D"]
transform = Transform3D(-0.941224, -0.150509, 0.3024, 0.241653, 0.325485, 0.914146, -0.236013, 0.933492, -0.269983, -0.0925359, 0.770036, 0.286832)
collision_layer = 4
joint_type = 1
joint_offset = Transform3D(1, 0, 0, 0, 1, 0, 0, 0, 1, -0.000527212, -0.000242654, 0.107153)
body_offset = Transform3D(-0.963223, -0.265293, -0.0426742, 8.19564e-08, 0.158814, -0.987309, 0.268703, -0.950999, -0.152973, 0.00400048, 0.105832, 0.0163025)
bone_name = "shoulder.R"
joint_constraints/bias = 0.3
joint_constraints/damping = 1.0
joint_constraints/impulse_clamp = 0.0

[node name="CollisionShape3D" type="CollisionShape3D" parent="dogsmall/metarig/Skeleton3D/PhysicalBoneSimulator3D/Physical Bone shoulder_R"]
transform = Transform3D(1, 0, 0, 0, 0, 1, 0, -1, 0, 0, 0, 0)
shape = SubResource("CapsuleShape3D_a1uqo")

[node name="Physical Bone front_thigh_R" type="PhysicalBone3D" parent="dogsmall/metarig/Skeleton3D/PhysicalBoneSimulator3D"]
transform = Transform3D(0.999955, -0.000258515, 0.00946262, -0.00828321, 0.459985, 0.887888, -0.00458219, -0.887927, 0.459962, -0.126139, 0.552766, 0.25516)
collision_layer = 4
joint_type = 1
joint_offset = Transform3D(1, 0, 0, 0, 1, 0, 0, 0, 1, -1.49138e-05, -8.32815e-06, 0.132472)
body_offset = Transform3D(1, 6.38887e-07, 8.83127e-07, 9.22242e-07, -0.00019294, -1, -6.64964e-07, 1, -0.000193149, 1.47969e-05, 0.132472, 3.3915e-05)
bone_name = "front_thigh.R"
joint_constraints/bias = 0.3
joint_constraints/damping = 1.0
joint_constraints/impulse_clamp = 0.0

[node name="CollisionShape3D" type="CollisionShape3D" parent="dogsmall/metarig/Skeleton3D/PhysicalBoneSimulator3D/Physical Bone front_thigh_R"]
transform = Transform3D(1, 0, 0, 0, 0, 1, 0, -1, 0, 0, 0, 0)
shape = SubResource("CapsuleShape3D_udl3d")

[node name="Physical Bone front_shin_R" type="PhysicalBone3D" parent="dogsmall/metarig/Skeleton3D/PhysicalBoneSimulator3D"]
transform = Transform3D(0.997579, 0.0392187, -0.0574304, 0.0572292, 0.00623337, 0.998342, 0.0395116, -0.999211, 0.00397383, -0.11958, 0.299111, 0.193831)
collision_layer = 4
joint_type = 1
joint_offset = Transform3D(1, 0, 0, 0, 1, 0, 0, 0, 1, 8.55768e-06, 3.72684e-06, 0.136405)
body_offset = Transform3D(1, 1.68011e-06, 8.26998e-06, 8.29023e-06, -1.35521e-05, -1, -1.71736e-06, 1, -1.35573e-05, -9.68575e-06, 0.136405, -1.87755e-06)
bone_name = "front_shin.R"
joint_constraints/bias = 0.3
joint_constraints/damping = 1.0
joint_constraints/impulse_clamp = 0.0

[node name="CollisionShape3D" type="CollisionShape3D" parent="dogsmall/metarig/Skeleton3D/PhysicalBoneSimulator3D/Physical Bone front_shin_R"]
transform = Transform3D(1, 0, 0, 0, 0, 1, 0, -1, 0, 0, 0, 0)
shape = SubResource("CapsuleShape3D_n6kde")

[node name="Physical Bone front_foot_R" type="PhysicalBone3D" parent="dogsmall/metarig/Skeleton3D/PhysicalBoneSimulator3D"]
transform = Transform3D(0.999741, 0.00458678, -0.0222786, 0.0222572, -0.399209, 0.91659, -0.00468963, -0.916848, -0.399208, -0.110276, 0.102434, 0.219772)
collision_layer = 4
joint_type = 1
joint_offset = Transform3D(1, 0, 0, 0, 1, 0, 0, 0, 1, 1.29473e-06, 1.36909e-06, 0.0663311)
body_offset = Transform3D(1, 1.07894e-06, 8.11415e-07, 8.35513e-07, -3.53456e-05, -1, -1.07242e-06, 1, -3.50177e-05, -1.34856e-06, 0.0663311, 9.53674e-07)
bone_name = "front_foot.R"
joint_constraints/bias = 0.3
joint_constraints/damping = 1.0
joint_constraints/impulse_clamp = 0.0

[node name="CollisionShape3D" type="CollisionShape3D" parent="dogsmall/metarig/Skeleton3D/PhysicalBoneSimulator3D/Physical Bone front_foot_R"]
transform = Transform3D(1, 0, 0, 0, 0, 1, 0, -1, 0, 0, 0, 0)
shape = SubResource("CapsuleShape3D_64dpw")

[node name="Physical Bone front_toe_R" type="PhysicalBone3D" parent="dogsmall/metarig/Skeleton3D/PhysicalBoneSimulator3D"]
transform = Transform3D(-1, 7.1885e-06, -2.19805e-07, 6.28826e-06, 0.888782, 0.458331, 3.49007e-06, 0.458331, -0.888782, -0.108795, 0.0211986, 0.286072)
collision_layer = 4
joint_type = 1
joint_offset = Transform3D(1, 0, 0, 0, 1, 0, 0, 0, 1, 4.69241e-06, 2.54102e-06, 0.0448627)
body_offset = Transform3D(1, 7.13658e-09, 3.23721e-08, 2.13568e-08, -1.19209e-07, -1, 4.16719e-09, 1, -5.06639e-07, -4.69387e-06, 0.0448627, -2.5183e-06)
bone_name = "front_toe.R"
joint_constraints/bias = 0.3
joint_constraints/damping = 1.0
joint_constraints/impulse_clamp = 0.0

[node name="CollisionShape3D" type="CollisionShape3D" parent="dogsmall/metarig/Skeleton3D/PhysicalBoneSimulator3D/Physical Bone front_toe_R"]
transform = Transform3D(1, 0, 0, 0, 0, 1, 0, -1, 0, 0, 0, 0)
shape = SubResource("CapsuleShape3D_jg2qh")

[node name="Physical Bone thigh_L" type="PhysicalBone3D" parent="dogsmall/metarig/Skeleton3D/PhysicalBoneSimulator3D"]
transform = Transform3D(0.999998, 0.000171357, -0.00224753, 0.00220255, -0.286203, 0.958166, -0.000479061, -0.958169, -0.286203, 0.125116, 0.586609, -0.302642)
collision_layer = 4
joint_type = 1
joint_offset = Transform3D(1, 0, 0, 0, 1, 0, 0, 0, 1, 9.21063e-05, -1.26013e-05, 0.13721)
body_offset = Transform3D(1, -1.56753e-07, -9.93459e-07, -9.94507e-07, 0.000232279, -1, 1.57102e-07, 1, 0.000232369, -9.197e-05, 0.13721, -1.92821e-05)
bone_name = "thigh.L"
joint_constraints/bias = 0.3
joint_constraints/damping = 1.0
joint_constraints/impulse_clamp = 0.0

[node name="CollisionShape3D" type="CollisionShape3D" parent="dogsmall/metarig/Skeleton3D/PhysicalBoneSimulator3D/Physical Bone thigh_L"]
transform = Transform3D(1, 0, 0, 0, 0, 1, 0, -1, 0, 0, 0, 0)
shape = SubResource("CapsuleShape3D_6g66n")

[node name="Physical Bone shin_L" type="PhysicalBone3D" parent="dogsmall/metarig/Skeleton3D/PhysicalBoneSimulator3D"]
transform = Transform3D(0.99893, 0.00367489, 0.0460931, -0.034399, 0.725201, 0.687677, -0.0308996, -0.688527, 0.724552, 0.118477, 0.350246, -0.374317)
collision_layer = 4
joint_type = 1
joint_offset = Transform3D(1, 0, 0, 0, 1, 0, 0, 0, 1, -1.17931e-05, 3.65528e-05, 0.152953)
body_offset = Transform3D(1, -3.38629e-06, 1.88127e-07, 2.17929e-07, 0.000150502, -1, 3.3956e-06, 1, 0.000150323, 1.17645e-05, 0.152953, -5.9545e-05)
bone_name = "shin.L"
joint_constraints/bias = 0.3
joint_constraints/damping = 1.0
joint_constraints/impulse_clamp = 0.0

[node name="CollisionShape3D" type="CollisionShape3D" parent="dogsmall/metarig/Skeleton3D/PhysicalBoneSimulator3D/Physical Bone shin_L"]
transform = Transform3D(1, 0, 0, 0, 0, 1, 0, -1, 0, 0, 0, 0)
shape = SubResource("CapsuleShape3D_2qht6")

[node name="Physical Bone foot_L" type="PhysicalBone3D" parent="dogsmall/metarig/Skeleton3D/PhysicalBoneSimulator3D"]
transform = Transform3D(0.999924, -0.00112286, 0.0123135, -0.0119985, -0.328669, 0.944369, 0.00298667, -0.944445, -0.328657, 0.110111, 0.143373, -0.449498)
collision_layer = 4
joint_type = 1
joint_offset = Transform3D(1, 0, 0, 0, 1, 0, 0, 0, 1, -8.27277e-06, -5.82095e-05, 0.107988)
body_offset = Transform3D(1, -2.77068e-08, -4.47035e-08, -3.85335e-08, 4.69387e-05, -1, 3.1665e-08, 1, 4.69685e-05, 8.2776e-06, 0.107988, 5.31375e-05)
bone_name = "foot.L"
joint_constraints/bias = 0.3
joint_constraints/damping = 1.0
joint_constraints/impulse_clamp = 0.0

[node name="CollisionShape3D" type="CollisionShape3D" parent="dogsmall/metarig/Skeleton3D/PhysicalBoneSimulator3D/Physical Bone foot_L"]
transform = Transform3D(1, 0, 0, 0, 0, 1, 0, -1, 0, 0, 0, 0)
shape = SubResource("CapsuleShape3D_1bctw")

[node name="Physical Bone toe_L" type="PhysicalBone3D" parent="dogsmall/metarig/Skeleton3D/PhysicalBoneSimulator3D"]
transform = Transform3D(-1, 5.70662e-05, -7.87095e-06, 4.89807e-05, 0.914209, 0.405244, 3.03214e-05, 0.405244, -0.914209, 0.10879, 0.0212751, -0.367807)
collision_layer = 4
joint_type = 1
joint_offset = Transform3D(1, 0, 0, 0, 1, 0, 0, 0, 1, 1.11305e-05, 9.04881e-07, 0.0506335)
body_offset = Transform3D(1, -1.32604e-09, 1.32823e-08, 1.78188e-08, -0.000108868, -1, 2.43745e-10, 1, -0.000108808, -1.11312e-05, 0.0506335, 4.60446e-06)
bone_name = "toe.L"
joint_constraints/bias = 0.3
joint_constraints/damping = 1.0
joint_constraints/impulse_clamp = 0.0

[node name="CollisionShape3D" type="CollisionShape3D" parent="dogsmall/metarig/Skeleton3D/PhysicalBoneSimulator3D/Physical Bone toe_L"]
transform = Transform3D(1, 0, 0, 0, 0, 1, 0, -1, 0, 0, 0, 0)
shape = SubResource("CapsuleShape3D_jsfya")

[node name="Physical Bone thigh_R" type="PhysicalBone3D" parent="dogsmall/metarig/Skeleton3D/PhysicalBoneSimulator3D"]
transform = Transform3D(0.999998, -0.000171334, 0.00224736, -0.00220239, -0.286203, 0.958166, 0.000479036, -0.958169, -0.286203, -0.125147, 0.586654, -0.302638)
collision_layer = 4
joint_type = 1
joint_offset = Transform3D(1, 0, 0, 0, 1, 0, 0, 0, 1, -6.09569e-05, 4.30636e-06, 0.137168)
body_offset = Transform3D(1, 1.74594e-07, 8.41566e-07, 8.42745e-07, 0.000232279, -1, -1.75089e-07, 1, 0.000232369, 6.08414e-05, 0.137168, -3.618e-05)
bone_name = "thigh.R"
joint_constraints/bias = 0.3
joint_constraints/damping = 1.0
joint_constraints/impulse_clamp = 0.0

[node name="CollisionShape3D" type="CollisionShape3D" parent="dogsmall/metarig/Skeleton3D/PhysicalBoneSimulator3D/Physical Bone thigh_R"]
transform = Transform3D(1, 0, 0, 0, 0, 1, 0, -1, 0, 0, 0, 0)
shape = SubResource("CapsuleShape3D_5r532")

[node name="Physical Bone shin_R" type="PhysicalBone3D" parent="dogsmall/metarig/Skeleton3D/PhysicalBoneSimulator3D"]
transform = Transform3D(0.99893, -0.00367774, -0.0460931, 0.0344007, 0.725208, 0.687669, 0.030898, -0.68852, 0.724559, -0.118477, 0.350261, -0.374312)
collision_layer = 4
joint_type = 1
joint_offset = Transform3D(1, 0, 0, 0, 1, 0, 0, 0, 1, 1.03191e-05, 3.11301e-05, 0.152938)
body_offset = Transform3D(1, 1.05612e-06, -1.95578e-07, -2.23517e-07, 0.000139534, -1, -1.06357e-06, 1, 0.000139415, -1.02893e-05, 0.152939, -5.24521e-05)
bone_name = "shin.R"
joint_constraints/bias = 0.3
joint_constraints/damping = 1.0
joint_constraints/impulse_clamp = 0.0

[node name="CollisionShape3D" type="CollisionShape3D" parent="dogsmall/metarig/Skeleton3D/PhysicalBoneSimulator3D/Physical Bone shin_R"]
transform = Transform3D(1, 0, 0, 0, 0, 1, 0, -1, 0, 0, 0, 0)
shape = SubResource("CapsuleShape3D_uav81")

[node name="Physical Bone foot_R" type="PhysicalBone3D" parent="dogsmall/metarig/Skeleton3D/PhysicalBoneSimulator3D"]
transform = Transform3D(0.999924, 0.0011228, -0.0123135, 0.0119984, -0.328666, 0.94437, -0.00298668, -0.944445, -0.328655, -0.110122, 0.14338, -0.449497)
collision_layer = 4
joint_type = 1
joint_offset = Transform3D(1, 0, 0, 0, 1, 0, 0, 0, 1, 1.9306e-05, -5.48532e-05, 0.107981)
body_offset = Transform3D(1, -9.54606e-09, 1.23284e-07, 1.13156e-07, 4.42863e-05, -1, 6.28643e-09, 1, 4.43161e-05, -1.93194e-05, 0.107981, 5.00679e-05)
bone_name = "foot.R"
joint_constraints/bias = 0.3
joint_constraints/damping = 1.0
joint_constraints/impulse_clamp = 0.0

[node name="CollisionShape3D" type="CollisionShape3D" parent="dogsmall/metarig/Skeleton3D/PhysicalBoneSimulator3D/Physical Bone foot_R"]
transform = Transform3D(1, 0, 0, 0, 0, 1, 0, -1, 0, 0, 0, 0)
shape = SubResource("CapsuleShape3D_ucrud")

[node name="Physical Bone toe_R" type="PhysicalBone3D" parent="dogsmall/metarig/Skeleton3D/PhysicalBoneSimulator3D"]
transform = Transform3D(-1, -5.69628e-05, 7.65247e-06, -4.89735e-05, 0.914192, 0.405282, -3.00818e-05, 0.405282, -0.914192, -0.108812, 0.0212522, -0.367793)
collision_layer = 4
joint_type = 1
joint_offset = Transform3D(1, 0, 0, 0, 1, 0, 0, 0, 1, -3.35788e-05, 1.41429e-05, 0.0506553)
body_offset = Transform3D(1, -8.35553e-09, -1.8943e-08, -2.02017e-08, -6.62804e-05, -1, 6.83031e-09, 1, -6.62208e-05, 3.35798e-05, 0.0506554, -1.07884e-05)
bone_name = "toe.R"
joint_constraints/bias = 0.3
joint_constraints/damping = 1.0
joint_constraints/impulse_clamp = 0.0

[node name="CollisionShape3D" type="CollisionShape3D" parent="dogsmall/metarig/Skeleton3D/PhysicalBoneSimulator3D/Physical Bone toe_R"]
transform = Transform3D(1, 0, 0, 0, 0, 1, 0, -1, 0, 0, 0, 0)
shape = SubResource("CapsuleShape3D_54hwd")

[node name="AnimationPlayer" parent="dogsmall" index="1"]
root_motion_track = NodePath("metarig/Skeleton3D:root")
root_motion_local = false
callback_mode_process = 0

[node name="DetectionArea" type="Area3D" parent="dogsmall"]
collision_layer = 0
collision_mask = 2
monitorable = false

[node name="CollisionShape3D" type="CollisionShape3D" parent="dogsmall/DetectionArea"]
transform = Transform3D(1, 0, 0, 0, 1, 0, 0, 0, 1, 0.0184729, 1.59675, 4.95649)
shape = SubResource("BoxShape3D_jbm7t")

[node name="CollisionShape3D" type="CollisionShape3D" parent="."]
transform = Transform3D(1, 0, 0, 0, 1, 0, 0, 0, 1, 0, 0.510548, 0)
shape = SubResource("CapsuleShape3D_jbm7t")

[node name="AnimationTree" type="AnimationTree" parent="."]
root_node = NodePath("../dogsmall")
root_motion_track = NodePath("metarig/Skeleton3D:root")
root_motion_local = false
callback_mode_process = 0
tree_root = SubResource("AnimationNodeBlendTree_oun8b")
anim_player = NodePath("../dogsmall/AnimationPlayer")
parameters/TimeScale/scale = 2.0
parameters/Transition/current_state = "idle"
parameters/Transition/transition_request = ""
parameters/Transition/current_index = 0

